000000000000000000000000000000000000000000000000000000000000000000000000000000000000000000000000000000000000000000000000000000000
000000000000000000000000000000000000000000000000000000000000000000000000000000000000000000000000000000000000000000000000000000000
000000000000000000000000000000000000000000000000000000000000000000000000000000000000000000000000000000000000000000000000000000000
000000000000000000000000000000000000000000000000000000000000000000000000000000000000000000000000000000000000000000000000000000000
000000000000000000000000000000000000000000000000000000000000000000000000000000000000000000000000000000000000000000000000000000000
000000000000000000000000000000000000000000000000000000000000000000000000000000000000000000000000000000000000000000000000000000000
000000000000000000000000000000000000000000000000000000000000000000000000000000000000000000000000000000000000000000000000000000000
000000000000000000000000000000000000000000000000000000000000000000000000000000000000000000000000000000000000000000000000000000000
000000000000000000000000000000000000000000000000000000000000000000000000000000000000000000000000000000000000000000000000000000000
000000000000000000000000000000000000000000000000000000000000000000000000000000000000000000000000000000000000000000000000000000000
000000000000000000000000000000000000000000000000000000000000000000000000000000000000000000000000000000000000000000000000000000000
000000000000000000000000000000000000000000000000000000000000000000000000000000000000000000000000000000000000000000000000000000000
000000000000000000000000000000000000000000000000000000000000000000000000000000000000000000000000000000000000000000000000000000000
000000000000000000000000000000000000000000000000000000000000000000000000000000000000000000000000000000000000000000000000000000000
000000000000000000000000000000000000000000000000000000000000000000000000000000000000000000000000000000000000000000000000000000000
000000000000000000000000000000000000000000000000000000000000000000000000000000000000000000000000000000000000000000000000000000000
000000000000000000000000000000000000000000000000000000000000000000000000000000000000000000000000000000000000000000000000000000000
000000000000000000000000000000000000000000000000000000000000000000000000000000000000000000000000000000000000000000000000000000000
000000000000000000000000000000000000000000000000000000000000000000000000000000000000000000000000000000000000000000000000000000000
000000000000000000000000000000000000000000000000000000000000000000000000000000000000000000000000000000000000000000000000000000000
000000000000000000000000000000000000000000000000000000000000000000000001111100000000000000000000000000000000000000000000000000000
000000000000000000000000000000000000000000000000000000000000000001111111000111000000000000000000000000000000000000000000000000000
000000000000000000000000000000000000000000000000000000000000000001000000000001110000000000000000000000000000000000000000000000000
000000000000000000000000000000000000000000000000000000000000000001000000000000010000000000000000000000000000000000000000000000000
000000000000000000000000000000000000000000000000000000000000000001000000000000010000000000000000000000000000000000000000000000000
000000000000000000000000000000000000000000000000000000000000001111000000000000011000000000000000000000000000000000000000000000000
000000000000000000000000000000000000000000000000000000000000011000000000000000011100000000000000000000000000000000000000000000000
000000000000000000000000000000000000000000000000000000000000110000000000000001110000000000000000000000000000000000000000000000000
000000000000000000000000000000000000000000000000000000000000100000000000000011000000000000000000000000000000000000000000000000000
000000000000000000000000000000000000000000000000000000000001100000000000011110000000000000000000000000000000000000000000000000000
000000000000000000000000000000000000000000000000000000000011000000000000110000000000000000000000000000000000000000000000000000000
000000000000000000000000000000000000000000000000000000001110000000000111100000000000000000000000000000000000000000000000000000000
000000000000000000000000000000000000000000000000000000011000000000011100000000000000000000000000000000000000000000000000000000000
000000000000000000000000000000000000000000000000000000110000000001110000000000000000000000000000000000000000000000000000000000000
000000000000000000000000000000000000000000000000000000100000000001000000000000000000000000000000000000000000000000000000000000000
000000000000000000000000000000000000000000000000000001100000000001000000000000000000000000000000000000000000000000000000000000000
000000000000000000000000000000000000000000000000000001000000000001000000000000000000000000000000000000000000000000000000000000000
000000000000000000000000000000000000000000000000000001000000000111100000000000000000000000000000000000000000000000000000000000000
000000000000000000000000000000000000000000000000000011000000001000111000000000000000000000000000000000000000000000000000000000000
000000000000000000000000000000000000000000000000000110000000000100101110000000000000000000000000000000000000000000000000000000000
000000000000000000000000000000000000000000000000000100000000000111100011100000000000000000000000000000000000000000000000000000000
000000000000000000000000000000000000000000000000001100000000000111100000110000000000000000000000000000000000000000000000000000000
000000000000000000000000000000000000000000000000011000000000000000000000011000000000000000000000000000000000000000000000000000000
000000000000000000000000000000000000000000000001100000000000000000000000000111111000000000000000000000000000000000000000000000000
000000000000000000000000000000000000000000000011000000000000000000000000001000000000000000000000000000000000000000000000000000000
000000000000000000000000000000000000000000000110000000000000000000000000010000000000000000000000000000000000000000000000000000000
000000000000000000000000000000000000000000000100000000000000000000000000100000000000000000000000000000000000000000000000000000000
000000000000000000000000000000000000000000001100000000001000000000000001000000000000000000000000000000000000000000000000000000000
000000000000000000000000000000000000000000001000000011111111000000000001000000000000000000000000000000000000000000000000000000000
000000000000000000000000000000000000000000001000000110000001110000000000100000000000000000001000000000000000000000000000000000000
000000000000000000000000000000000000000000011000001100000000011000000000100000000000000000001110000000000000000000000000000000000
000000000000000000000000000000000000000000010000011000000000001110000000100000000000000000001011000000000000000000000000000000000
000000000000000000000000000000000000000000111000001100000000000111000000111000000000000000001001110000000000000000000000000000000
000000000000000000000000000000000000000000001100000100000000000100000000000110000000000000001000011000000000000000000000000000000
000000000000000000000000000000000000000000000100000100000000011100000000000001110000000000001000000110000000000000000000000000000
000000000000000000000000000000000000000000000100000110000000111100000000000000001000000000011111100011100000000000000000000000000
000000000000000000000000000000000000000000000100000011000000100100000000000000000110000001111111110000111000000000000000000000000
000000000000000000000000000000000000000000000110000001111110100100000000000000000001100110011000010000001110000000000000000000000
000000000000000000000000000000000000000000000011000001111111100000000000000000000000011000001000011000000011110000000000000000000
000000000000000000000000000000000000000000000001111001111111000000000000000000000000000000001111111000000000011110000000000000000
000000000000000000000000000000000000000000000000001110000000000000000000000000000000000000000001100000000000000011000000000000000
000000000000000000000000000000000000000000000000000011000000000000001100000000001100000000000000000000000000000111000000000000000
000000000000000000000000000000000000000000000000000001110000000000001111000000001100000000000000000000000000011100000000000000000
000000000000000000000000000000000000000000000000000000011110000000000111000000000110000000000000000000000001110000000000000000000
000000000000000000000000000000000000000000000000000000000011100000000000000000000000000000000000000000000111000000000000000000000
000000000000000000000000000000000000000000000000000000000000111000000000000000000000000000000000000000011100000000000000000000000
000000000000000000000000000000000000000000000000000000000000001000000000000000000000000000000000000001110000000000000000000000000
000000000000000000000000000000000000000000000000000000000000001000000000000011111000000000000000000111000000000000000000000000000
000000000000000000000000000000000000000000000000000000000000001000000000000011101110000000000000001100000000000000000000000000000
000000000000000000000000000000000000000000000000000000000000001000000000000110000011110000000000001000000000000000000000000000000
000000000000000000000000000000000000000000000000000000000001111000000000001100000000011100000000001000000000000000000000000000000
000000000000000000000000000000000000000000000000000000000111000000000000011000000000000111000000001000000000000000000000000000001
000000000000000000000000000000000000000000000000000000011100000000000000001000000000000001100000001110000000000000000000001111110
000000000000000000000000000000000000000000000000000001110000000000000000001000000000000000111000000011100000000000000000111110000
000000000000000000000000000000000000000000000000000111000000000000000000001000000000000000001110000000111000000000000001110000000
000000000000000000000000000000000000000000000000001100000000000000000000001110011100000000001110000011111100000000001111000000000
000000000000000000000000000000000000000000000000111000000000000000000000000011110100000000001100001110000000000000001100000000000
000000000000000000000000000000000000000000000011100000000000000000000000000000110100000000001100111000000000000000011000000111110
000000000000000000000000000000000000000000011110000000000000111110000000000000000100000000111000100000000000000011110000001100011
000000000000000000000000000000000000000001110000000000000001100011000000000000000110000011100000100000000000000100000000011000000
000000000000000000000000000000000000000111000000000000000111000001100000000000000001111110000000110000000000011100000001100000000
000000000000000000000000000000000000001100000000000000011100000000110000000000000000011000000000110000000001110000000001000000000
000000000000000000000000000000000001111000000000000011110000000000011000000000000000000000000000110000000011000000000011000000000
000000000000000000000000000000000111000000000000000110000000000000011000000000000000000000000011100001011110000000000010000000000
000000000000000000000000000000011100000000000000011000000000000000010000000000000000000000000010001111110000000000111110000000000
000000000000000000000000000001110000000000000000110000000000000000010000000000000000000000000010001000000000000001100000000000000
000000000000000000000000000111000000000000000000010000000000000000110000000000000000000000000010001000000000000011000000000000000
000000000000000000000011011100000000000000000000010000000000000011100000000001111000000000000011101000000000011110000000000000000
000000000000000000000101110000000000000000000000011000000000011110000000001111101100000000000000111000000000110000000000000000000
000000000000000000000101100000000000000000000001101100000001110000000000111000000110000000000000001000001111100000000000000000000
000000000000000000011100000000000000000000000011100111000111110000000011100000000011000000000000000000001000000000000000000000000
000000000000000000010000000000000000000000000010000001111111100000001110000000000001100100000000000000001000000000000000000000000
000000000000000000011110000000000000000000000000000000011110000000111000000000000001111100000000000000001100000000000000000000000
000000000000000000000011100000000000000000000000000000000000000001100000000000000001011100011111100000000111000000000000000000000
000000000000000000000000110000000000000000000000000000000000000011000000000000100001010000110000011100000001111000000000000000000
000000000000000000000000011110000000000000000000000000011000000001000000000011110111000001100000000110000000001100000000000000000
000000000000000000000000000011100000000000000000000001111100000001000000000010111100000011100000000011100000000111100000000000000
000000000000000000000000000000111000000000000000000000110110000001000000000010111000000010000000000000111100000000110000000000000
000000000000000000000000000000000110000000000000000000100110000001110000000010000000000001000000000000000111000000011000000000000
000000000000000000000000000000000011100000000000000000111100000000011100000111000000000001000000000000000001110000010000000000000
000000000000000000000000000000000000111000000000000000000000000000000111001100000000000001000011000000000001110000110000000000000
000000000000000000000000000000000000001110000000000000000000000000000001111000011000000000110011100000000001000000110000000000000
000000000000000000000000000000000000000011100001110000000000000000000000000001111100000000011110100000000001000000100000000000000
000000000000000000000000000000000000000000111111111000000000000000000000000001100110000000000110100000000001000001100000000000000
000000000000000000000000000000000000000000000000001110000000000000000000000000100010000000000000111000011111000111000000000000000
000000000000000000000000000000000000000000000000000110000000000000000000000000111110000000000000011110010000000110000000000000000
000000000000000000000000000000000000000000000000000010000000000000000000000000010000000000000000001111110000111110000000000000000
000000000000000000000000000000000000000000000000000100000000000000000000000000000000000000000000001100000011100000000000000000000
000000000000000000000000000000000000000000000000000111111000000000000000000000000000000000000000000000001110000000000000000000000
000000000000000000000000000000000000000000000000000000011000000000000000000000000000000000000000000000011000000000000000000000000
000000000000000000000000000000000000000000000000000000001111110000000000000000000000000000000000000000110000000000000000000000000
000000000000000000000000000000000000000000000000000000000011010000000000000000000000000000000000000000100000000000000000000000000
000000000000000000000000000000000000000000000000000000000000011000000000000000000000000000000000000001100000000000000000000000000
000000000000000000000000000000000000000000000000000000000000001100000000000000000000000000000000000001100000000000000000000000000
000000000000000000000000000000000000000000000000000000000000000100000000000000000000000000000000000001100000000000000000000000000
000000000000000000000000000000000000000000000000000000000000111100000000000000000000000000000000000001000000000000000000000000000
000000000000000000000000000000000000000000000000000000000000100000000000000000000000000000000000011111000000000000000000000000000
000000000000000000000000000000000000000000000000000000000000111000000000000000000000000000000001110000000000000000000000000000000
000000000000000000000000000000000000000000000000000000000000001101100000000000000111111111111111000000000000000000000000000000000
000000000000000000000000000000000000000000000000000000000000000111111111111111111100000000001100000000000000000000000000000000000
000000000000000000000000000000000000000000000000000000000000000000000110000000000000000000000000000000000000000000000000000000000
000000000000000000000000000000000000000000000000000000000000000000000000000000000000000000000000000000000000000000000000000000000
000000000000000000000000000000000000000000000000000000000000000000000000000000000000000000000000000000000000000000000000000000000
000000000000000000000000000000000000000000000000000000000000000000000000000000000000000000000000000000000000000000000000000000000
000000000000000000000000000000000000000000000000000000000000000000000000000000000000000000000000000000000000000000000000000000000
000000000000000000000000000000000000000000000000000000000000000000000000000000000000000000000000000000000000000000000000000000000
000000000000000000000000000000000000000000000000000000000000000000000000000000000000000000000000000000000000000000000000000000000
000000000000000000000000000000000000000000000000000000000000000000000000000000000000000000000000000000000000000000000000000000000
